3.0977 10.5587 11.3648
0.677921 5.2427 4.09671
2.51451 10.0677 9.61312
4.76627 16.4628 16.3766
1.64175 5.27859 6.99168
2.83119 9.52123 10.5643
3.63241 15.2526 12.9709
2.87149 11.325 10.6854
0.652051 6.34393 4.01901
0.361492 4.96078 3.14628
0.859641 6.39235 4.64253
4.48734 15.8456 15.5388
1.74364 6.00434 7.29772
1.60174 7.06893 6.87153
0.543258 2.97723 3.69224
2.89526 12.9464 10.7568
1.80737 6.39157 7.48915
3.11525 12.9445 11.4175
3.66573 11.2692 13.071
0.593625 3.205 3.84352
1.99378 6.52338 8.04904
1.66559 6.10938 7.06328
4.80226 16.3455 16.4847
3.94989 13.746 13.9245
2.49405 9.63155 9.55169
1.4845 6.82205 6.51936
3.70559 12.163 13.1907
1.05291 6.89828 5.22302
4.10855 13.5252 14.401
4.18143 12.9444 14.6199
1.10839 4.24421 5.38967
0.678473 3.97438 4.09837
3.40928 13.4105 12.3007
4.13769 14.6703 14.4886
3.2194 12.8227 11.7304
0.739998 4.27094 4.28317
4.78608 16.6958 16.4361
0.978459 4.78031 4.99941
2.56182 10.8141 9.75522
3.5621 11.6321 12.7597
3.58704 12.8694 12.8346
3.67237 11.6855 13.0909
1.43233 7.78324 6.36268
4.57645 17.1235 15.8064
0.0550384 1.31343 2.22581
1.19279 7.61674 5.64319
1.14265 6.64731 5.49259
3.82976 13.0303 13.5636
1.03057 3.92015 5.15593
3.43437 11.6322 12.376
2.07436 8.1625 8.29108
4.20939 15.4585 14.7039
0.745647 5.86381 4.30014
1.84999 6.9536 7.61718
0.757731 5.79231 4.33643
0.151158 2.28081 2.51452
4.60861 14.5167 15.903
3.69482 14.1352 13.1583
2.56555 9.57962 9.76643
4.19861 12.8667 14.6715
0.131721 1.00576 2.45613
0.493414 2.98157 3.54252
1.91546 5.87752 7.81382
0.386565 5.07735 3.22159
1.88881 8.58171 7.73378
3.4895 11.289 12.5416
3.1991 12.1498 11.6694
1.08396 6.16225 5.31629
2.64862 11.3326 10.0159
0.221285 3.15394 2.72515
2.10541 9.19849 8.38435
0.560797 2.98825 3.74492
0.638528 3.48273 3.97839
3.86997 14.0009 13.6844
1.30439 6.67359 5.9784
2.96901 10.5906 10.9783
0.777365 4.71686 4.3954
4.29666 16.4836 14.966
3.83235 13.9733 13.5714
3.87438 14.4057 13.6977
1.02587 5.43884 5.14181
2.71631 10.5321 10.2193
0.588006 3.44142 3.82664
0.00452046 1.79334 2.07407
2.61632 9.77422 9.91892
3.44909 12.7634 12.4203
3.57833 11.0993 12.8084
0.940189 3.00195 4.88447
2.91882 9.74331 10.8275
3.95239 15.0542 13.932
3.59762 11.7847 12.8664
4.58281 17.4015 15.8255
3.3497 10.9132 12.1217
4.11317 12.5865 14.4149
1.78807 7.15423 7.43119
4.95307 18.8455 16.9376
1.82119 10.205 7.53066
3.83481 14.1312 13.5788
0.0531953 2.21086 2.22027
4.61925 14.1209 15.935
